k	s	logprob
1	1	-1439.873990
1	2	-1436.360138
1	3	-1436.360138
1	4	-1436.360138
1	5	-1436.360138
1	10	-1436.360138
1	20	-1436.360138
1	50	-1436.360138
1	100	-1436.360138
1	1000	-1436.360138
2	1	-1398.724545
2	2	-1389.824722
2	3	-1388.192104
2	4	-1387.947339
2	5	-1387.947339
2	10	-1387.947339
2	20	-1387.947339
2	50	-1387.947339
2	100	-1387.947339
2	1000	-1387.947339
3	1	-1382.424246
3	2	-1372.142048
3	3	-1370.102745
3	4	-1369.763835
3	5	-1369.763835
3	10	-1369.763835
3	20	-1369.763835
3	50	-1369.763835
3	100	-1369.763835
3	1000	-1369.763835
4	1	-1378.230092
4	2	-1368.577494
4	3	-1364.311913
4	4	-1363.847319
4	5	-1363.753174
4	10	-1363.753174
4	20	-1363.753174
4	50	-1363.753174
4	100	-1363.753174
4	1000	-1363.753174
5	1	-1375.793152
5	2	-1364.316257
5	3	-1360.852614
5	4	-1360.388020
5	5	-1360.293876
5	10	-1359.829402
5	20	-1359.829402
5	50	-1359.829402
5	100	-1359.829402
5	1000	-1359.829402
10	1	-1375.922818
10	2	-1362.433106
10	3	-1359.293041
10	4	-1357.887627
10	5	-1357.887627
10	10	-1354.642177
10	20	-1354.642177
10	50	-1354.642177
10	100	-1354.642177
10	1000	-1354.642177
20	1	-1374.622653
20	2	-1361.568561
20	3	-1359.054749
20	4	-1356.919232
20	5	-1356.919232
20	10	-1354.269108
20	20	-1353.673782
20	50	-1353.673782
20	100	-1353.673782
20	1000	-1353.673782
50	1	-1374.865085
50	2	-1361.810992
50	3	-1359.297181
50	4	-1357.891767
50	5	-1355.897952
50	10	-1353.247828
50	20	-1353.247828
50	50	-1353.247828
50	100	-1353.247828
50	1000	-1353.247828
100	1	-1374.865085
100	2	-1361.810992
100	3	-1359.297181
100	4	-1357.891767
100	5	-1355.897952
100	10	-1353.247828
100	20	-1353.247828
100	50	-1353.247828
100	100	-1353.247828
100	1000	-1353.247828
